1291
0 0
837 958 31191 10
862 958 71334 3
887 958 48491 10
913 958 62136 10
938 958 8589 10
964 958 1726 8
989 958 33995 9
1014 958 30715 4
1040 958 93999 8
1065 958 70907 9
1091 958 62437 7
1116 958 83764 3
1141 958 30399 3
1167 958 68575 7
1167 1110 97158 1
1141 1110 88004 2
1116 1110 20893 10
1091 1110 5609 5
1065 1110 4065 5
1040 1110 61965 10
1014 1110 94218 7
989 1110 93603 7
964 1110 51769 10
938 1110 58278 3
913 1110 47910 2
887 1110 4704 3
862 1110 64866 4
837 1110 33815 7
837 1186 82137 5
862 1186 55201 9
887 1186 50577 10
913 1186 45995 9
938 1186 76687 7
964 1186 76580 4
989 1186 44141 1
1014 1186 36659 10
1040 1186 87986 3
1065 1186 91569 6
1091 1186 71011 10
1116 1186 74595 2
1141 1186 93562 4
1167 1186 82966 10
1167 1339 35008 5
1141 1339 16310 2
1116 1339 63177 8
1091 1339 11603 6
1065 1339 8731 7
1040 1339 19762 1
1014 1339 38521 7
989 1339 54421 2
964 1339 5793 10
938 1339 80549 1
913 1339 49520 10
887 1339 43379 9
862 1339 36579 9
837 1339 30927 1
837 1415 40590 1
862 1415 10089 2
887 1415 78613 9
913 1415 4113 4
938 1415 53470 5
964 1415 80016 5
989 1415 20474 1
1014 1415 44541 6
1040 1415 47212 3
1065 1415 49518 7
1091 1415 60347 9
1116 1415 50620 10
1141 1415 89257 9
1167 1415 13445 10
1167 1567 66458 5
1141 1567 56518 4
1116 1567 39465 7
1091 1567 33848 9
1065 1567 39714 9
1040 1567 44422 1
1014 1567 54423 10
989 1567 41272 1
964 1567 49351 10
938 1567 77229 3
913 1567 7875 6
887 1567 61113 6
862 1567 89035 6
837 1567 79806 5
837 1644 96736 8
862 1644 2908 10
887 1644 7940 1
913 1644 48388 5
938 1644 82310 8
964 1644 39143 10
989 1644 78834 6
1014 1644 23255 6
1040 1644 24281 6
1065 1644 99367 6
1091 1644 78070 5
1116 1644 39375 7
1141 1644 13746 1
1167 1644 74614 3
1167 1796 40635 9
1141 1796 29169 5
1116 1796 31287 6
1091 1796 24563 7
1065 1796 85137 2
1040 1796 13349 10
1014 1796 42201 6
989 1796 88465 4
964 1796 57466 3
938 1796 10479 6
913 1796 97265 4
887 1796 74502 8
862 1796 35469 4
837 1796 15850 1
837 1898 69420 4
862 1898 41307 10
887 1898 24064 5
913 1898 44579 2
938 1898 81178 6
964 1898 77265 3
989 1898 55218 5
1014 1898 67948 5
1040 1898 60912 6
1065 1898 83124 7
1091 1898 38064 7
1116 1898 74493 7
1141 1898 4659 7
1167 1898 20447 4
1167 2050 612 8
1141 2050 81614 9
1116 2050 56932 9
1091 2050 94013 4
1065 2050 4237 8
1040 2050 98748 9
1014 2050 37886 9
989 2050 44705 4
964 2050 8922 10
938 2050 37620 2
913 2050 32052 1
887 2050 4607 9
862 2050 26014 7
837 2050 75623 1
837 2126 1723 8
862 2126 97688 2
887 2126 22521 9
913 2126 39307 4
938 2126 86888 1
964 2126 68809 9
989 2126 54232 1
1014 2126 80238 2
1040 2126 44742 3
1065 2126 33093 9
1091 2126 62548 1
1116 2126 46117 4
1141 2126 25865 2
1167 2126 70076 2
1167 2279 22453 4
1141 2279 35883 3
1116 2279 984 8
1091 2279 82393 10
1065 2279 52466 1
1040 2279 99155 5
1014 2279 32540 5
989 2279 81015 9
964 2279 68115 7
938 2279 6682 8
913 2279 42352 1
887 2279 7188 3
862 2279 6054 2
837 2279 6532 2
837 2355 63284 1
862 2355 93418 2
887 2355 67556 9
913 2355 64225 6
938 2355 20584 6
964 2355 9408 6
989 2355 50568 7
1014 2355 76889 5
1040 2355 47296 5
1065 2355 25046 6
1091 2355 56191 2
1116 2355 16727 9
1141 2355 458 7
1167 2355 10473 10
1167 2507 23404 1
1141 2507 48926 8
1116 2507 79225 9
1091 2507 49843 1
1065 2507 81649 7
1040 2507 6956 6
1014 2507 82241 8
989 2507 99621 6
964 2507 55118 7
938 2507 60404 1
913 2507 32124 4
887 2507 70234 5
862 2507 91118 10
837 2507 9383 7
837 2583 29418 7
862 2583 17088 1
887 2583 42673 6
913 2583 73280 5
938 2583 15919 8
964 2583 90513 2
989 2583 95883 9
1014 2583 49340 2
1040 2583 96173 6
1065 2583 73905 9
1091 2583 13518 10
1116 2583 93924 1
1141 2583 62069 3
1167 2583 30930 7
1243 2583 5809 9
1167 2736 12033 10
1141 2736 13016 7
1116 2736 23483 1
1091 2736 44759 2
1065 2736 3339 2
1040 2736 88282 8
1014 2736 91272 5
989 2736 75901 5
964 2736 11638 1
938 2736 73878 9
913 2736 69338 4
887 2736 13992 9
862 2736 98169 2
837 2736 72525 1
964 2888 72106 6
1040 2888 73922 3
1141 2888 10137 4
1218 2888 23564 4
1218 2914 59526 10
1141 2914 91766 7
1040 2914 33148 6
964 2914 78572 7
913 2914 45913 9
964 2939 54817 2
1040 2939 49195 9
1141 2939 30837 7
1218 2939 97965 3
1218 2964 54431 10
1141 2964 99106 10
1040 2964 88324 9
964 2964 89858 8
913 2964 20471 7
964 2990 19573 3
1040 2990 12565 8
1141 2990 98063 8
1218 2990 91573 9
1218 3015 58072 10
1141 3015 94230 3
1040 3015 17864 5
964 3015 98574 4
964 3041 19210 10
1040 3041 67584 6
1141 3041 30449 9
1218 3041 38780 7
1218 3066 78018 10
1141 3066 76632 5
1040 3066 28522 5
964 3066 3032 5
1298 874 62848 7
1323 874 26297 3
1348 874 74697 6
1373 874 31304 6
1398 874 63255 3
1423 874 54843 8
1448 874 91946 10
1473 874 26969 8
1498 874 76090 9
1523 874 3640 8
1548 874 94465 2
1573 874 52464 1
1598 874 61263 4
1623 874 30773 2
1648 874 28492 5
1673 874 31732 4
1698 874 33899 3
1723 874 24535 10
1748 874 92371 1
1773 874 33425 3
1798 874 5902 6
1823 874 24022 7
1848 874 11923 2
1873 874 15463 2
1898 874 34627 5
1923 874 4736 6
1948 874 59292 10
1973 874 96220 6
1998 874 903 1
2023 874 43884 6
2048 874 57177 7
2073 874 63688 2
2098 874 27538 10
2123 874 97304 8
2148 874 51239 3
2173 874 71350 6
2198 874 15621 5
2248 874 9994 7
1298 899 14750 8
1348 899 69139 5
1398 899 12702 9
1448 899 91843 6
1498 899 88923 6
1548 899 99264 8
1598 899 38737 5
1648 899 14047 6
1698 899 88189 10
1748 899 70277 9
1798 899 14850 8
1848 899 66675 6
1898 899 7802 5
1948 899 88939 10
1998 899 97290 3
2048 899 84651 3
2098 899 23476 6
2148 899 85901 8
2198 899 16140 2
2248 899 73372 3
2298 899 43455 10
2348 899 55069 9
2398 899 39396 3
2448 899 59993 8
2498 899 40953 3
2548 899 92467 2
2598 899 14080 3
2648 899 98892 9
2698 899 71190 10
2748 899 96946 7
2798 899 47084 2
2848 899 34845 5
2898 899 50251 1
2948 899 17895 1
2998 899 62745 9
3048 899 35556 4
3098 899 91154 9
3148 899 46414 6
3198 899 52867 8
3248 899 70976 2
3298 899 46254 8
3348 899 14698 3
3398 899 35454 10
3448 899 13062 2
3423 924 73972 2
3373 924 24229 4
3323 924 74330 7
3273 924 87838 7
3223 924 98134 3
3173 924 77584 10
3123 924 19199 7
3073 924 25381 9
3023 924 69154 3
2973 924 74498 3
2923 924 26487 5
2873 924 48445 5
2823 924 3944 8
2773 924 53377 7
2723 924 41412 9
2673 924 76423 5
2623 924 83053 8
2573 924 69348 5
2448 924 87510 8
2398 924 3955 10
2348 924 24968 1
2298 924 14088 4
2173 924 64471 3
2123 924 68635 8
2073 924 26072 4
2023 924 69409 4
1973 924 4858 9
1923 924 84668 8
1873 924 14625 10
1823 924 37127 3
1773 924 17772 8
1723 924 11631 10
1673 924 6634 1
1623 924 47173 10
1573 924 30595 9
1523 924 10203 8
1473 924 70633 1
1423 924 44517 6
1373 924 43038 6
1323 924 91051 3
2298 949 10554 10
2348 949 4452 2
2398 949 96957 6
2448 949 26881 2
2678 996 26212 7
2202 996 91624 4
1522 1085 63571 6
1395 1110 14303 1
1472 1110 53540 2
1573 1110 26255 3
1649 1110 51314 8
2107 1110 62034 2
2183 1110 70443 7
2284 1110 27314 8
2361 1110 39932 1
2361 1136 60871 8
2284 1136 99235 7
2183 1136 57459 3
2107 1136 59688 1
2005 1136 94332 5
1929 1136 48095 6
1827 1136 58687 9
1751 1136 47387 10
1649 1136 52666 4
1573 1136 354 4
1522 1136 33905 6
1472 1136 18806 8
1395 1136 69970 4
1395 1161 20853 4
1472 1161 2914 3
1573 1161 76616 7
1649 1161 66015 3
1751 1161 83456 1
1827 1161 18253 2
1929 1161 79782 3
2005 1161 58031 8
2107 1161 24223 1
2183 1161 2940 7
2284 1161 58724 6
2361 1161 53444 1
2869 1186 92202 1
2818 1186 31358 7
2767 1186 5130 7
2716 1186 64651 1
2361 1186 28694 4
2284 1186 12357 7
2183 1186 62205 4
2107 1186 21596 6
2005 1186 81586 2
1929 1186 45398 2
1827 1186 77912 1
1751 1186 95378 5
1649 1186 36057 8
1573 1186 39394 8
1472 1186 32765 9
1395 1186 34841 1
1395 1212 44167 6
1472 1212 41556 2
1573 1212 7435 7
1649 1212 11716 10
1751 1212 80955 1
1827 1212 13735 1
1929 1212 89239 2
2005 1212 2501 3
2107 1212 65934 1
2183 1212 63157 1
2284 1212 24787 9
2361 1212 43417 4
2361 1237 99276 8
2284 1237 44563 8
2183 1237 46078 1
2107 1237 50111 5
2005 1237 98512 10
1929 1237 82772 7
1827 1237 11506 5
1751 1237 24132 7
1649 1237 15031 9
1573 1237 51101 9
1472 1237 43802 9
1395 1237 89136 7
1395 1263 22890 7
1472 1263 72527 6
1573 1263 24108 6
1649 1263 54359 8
1751 1263 30069 8
1827 1263 92110 8
1929 1263 45242 5
2005 1263 22249 9
2107 1263 94455 10
2183 1263 93144 7
2284 1263 63847 1
2361 1263 20171 3
2437 1263 93153 1
2513 1263 61202 2
2361 1288 99412 2
2284 1288 41955 4
2183 1288 78733 1
2107 1288 80242 1
2005 1288 58970 8
1929 1288 96058 6
1827 1288 48509 1
1751 1288 9445 4
1649 1288 52342 2
1573 1288 44364 10
1472 1288 40806 2
1395 1288 59026 2
2437 1313 85084 4
2513 1313 31548 1
2742 1313 20012 3
2767 1313 76751 1
2843 1313 14695 4
2869 1313 37684 4
2869 1364 28847 9
2818 1364 67577 7
2767 1364 66184 10
2716 1364 41801 9
1853 1364 24663 8
1751 1364 23280 10
1853 1390 10372 1
1751 1390 14750 10
1649 1390 3146 2
1573 1390 26117 5
1472 1390 11243 2
1395 1390 60980 7
1395 1415 29197 10
1472 1415 14267 8
1573 1415 99799 6
1649 1415 52804 10
1751 1415 86649 8
1853 1415 14542 5
1929 1415 77909 8
2005 1415 49730 4
2107 1415 15325 9
2183 1415 991 8
2284 1415 39228 2
2361 1415 44770 6
2462 1415 25160 8
2538 1415 98777 2
2538 1440 72444 6
2462 1440 55425 2
2361 1440 79413 9
2284 1440 28072 4
2183 1440 45947 1
2107 1440 43936 4
2005 1440 56470 8
1929 1440 11035 5
1853 1440 28559 6
1751 1440 21664 4
1649 1440 95206 4
1573 1440 96355 10
1472 1440 60761 9
1395 1440 54886 6
1395 1466 25054 10
1472 1466 53645 8
1573 1466 53344 8
1649 1466 77015 1
1751 1466 38279 1
1853 1466 24194 2
1929 1466 3706 3
2005 1466 38575 9
2107 1466 68087 1
2183 1466 83788 8
2284 1466 5317 4
2361 1466 97673 4
2462 1466 36174 8
2538 1466 56675 1
2869 1491 45193 8
2843 1491 97268 4
2767 1491 97884 5
2742 1491 18738 2
2538 1491 58205 5
2462 1491 53882 8
2361 1491 10166 4
2284 1491 20082 8
2183 1491 99973 5
2107 1491 49153 6
2005 1491 21148 7
1929 1491 40887 8
1853 1491 62142 9
1751 1491 71051 4
1649 1491 47149 5
1573 1491 37381 1
1472 1491 60708 6
1395 1491 47095 5
1395 1517 97978 4
1472 1517 68101 1
1573 1517 1873 3
1649 1517 82454 9
1929 1517 19545 9
2005 1517 2734 3
2107 1517 6588 1
2183 1517 26731 8
2284 1517 46517 6
2361 1517 72436 1
2462 1517 64249 3
2538 1517 31293 1
2538 1542 36283 7
2462 1542 44338 1
2361 1542 79101 9
2284 1542 12297 8
2183 1542 40845 5
2107 1542 32406 8
2005 1542 54817 5
1929 1542 44504 1
1649 1542 3847 7
1573 1542 4891 3
1472 1542 99796 10
1395 1542 32424 3
1395 1567 97473 7
1472 1567 66694 6
1573 1567 72334 3
1649 1567 36647 1
1929 1567 22117 1
2005 1567 2235 8
2107 1567 84292 1
2183 1567 60304 8
2284 1567 68307 10
2361 1567 67534 7
2462 1567 48635 9
2538 1567 82858 3
2538 1694 38502 3
2462 1694 9665 3
2183 1694 71706 2
2107 1694 53497 6
1649 1694 58211 8
1573 1694 36496 5
1472 1694 59313 5
1395 1694 69442 3
1395 1720 75658 6
1472 1720 18305 9
1573 1720 4950 7
1649 1720 63645 4
1929 1720 60153 10
2005 1720 80277 5
2107 1720 4011 6
2183 1720 75303 10
2284 1720 72057 2
2361 1720 63910 3
2462 1720 36681 5
2538 1720 13430 7
2640 1720 87647 2
2716 1720 48668 1
3961 1745 67475 8
3885 1745 98638 8
3834 1745 25571 5
3758 1745 45325 3
3707 1745 85705 7
3631 1745 51981 6
3580 1745 6462 5
3504 1745 28079 1
3453 1745 41516 6
3377 1745 80029 7
3326 1745 72769 5
3250 1745 4660 3
3199 1745 54705 5
3123 1745 54179 2
3072 1745 64908 4
2996 1745 26214 2
2894 1745 91514 9
2716 1745 15091 2
2640 1745 82722 1
2538 1745 36988 2
2462 1745 56525 5
2361 1745 63288 8
2284 1745 35110 5
2183 1745 71583 9
2107 1745 6179 3
2005 1745 30926 8
1929 1745 22026 3
1649 1745 19646 3
1573 1745 90442 8
1472 1745 88421 7
1395 1745 84795 1
1395 1771 18641 7
1472 1771 7154 3
1573 1771 99545 3
1649 1771 40763 4
1929 1771 85020 3
2005 1771 19235 1
2107 1771 68688 3
2183 1771 70087 4
2284 1771 50121 2
2361 1771 56791 7
2462 1771 23827 1
2538 1771 36801 2
2640 1771 17212 2
2716 1771 19039 5
3961 1796 16634 7
3885 1796 46193 10
3834 1796 10088 4
3758 1796 974 6
3707 1796 18679 8
3631 1796 32237 2
3580 1796 46449 9
3504 1796 63580 2
3453 1796 92198 6
3377 1796 61961 1
3326 1796 96921 6
3250 1796 69584 8
3199 1796 74563 7
3123 1796 60827 9
3072 1796 70534 5
2996 1796 57972 3
2894 1796 70050 8
2716 1796 50322 4
2640 1796 99170 10
2538 1796 38743 3
2462 1796 39419 3
2361 1796 41537 5
2284 1796 26524 3
2183 1796 6956 10
2107 1796 7464 7
2005 1796 80532 3
1929 1796 15017 10
1649 1796 1825 3
1573 1796 16058 7
1472 1796 74572 6
1395 1796 68844 5
1395 1821 12128 8
1472 1821 70829 10
1573 1821 57828 6
1649 1821 19181 10
1929 1821 78694 4
2005 1821 42358 8
2107 1821 66374 10
2183 1821 48957 6
2284 1821 77471 6
2361 1821 92079 10
2462 1821 94784 6
2538 1821 90498 6
2640 1821 37591 5
2716 1821 35358 3
2957 1821 16146 10
3961 1847 65642 4
3885 1847 95973 6
3834 1847 95532 4
3758 1847 37014 7
3707 1847 34978 8
3631 1847 17023 8
3580 1847 43847 9
3504 1847 23054 10
3453 1847 69269 9
3377 1847 57876 10
3326 1847 6760 2
3250 1847 54715 7
3199 1847 72072 10
3123 1847 38170 1
3072 1847 30983 7
2996 1847 50335 4
2818 1847 9807 6
2716 1847 67371 4
2640 1847 7255 9
2538 1847 64760 2
2462 1847 56505 7
2361 1847 93240 9
2284 1847 47386 1
2183 1847 39401 6
2107 1847 66235 6
2005 1847 52300 8
1929 1847 48830 2
1649 1847 76601 8
1573 1847 19163 6
1472 1847 28825 1
1395 1847 48618 2
1395 1872 80568 1
1472 1872 18287 2
1573 1872 27411 6
1649 1872 57039 5
1929 1872 25803 1
2005 1872 3723 9
2107 1872 96106 6
2183 1872 70040 8
2284 1872 96655 6
2361 1872 94514 4
2462 1872 57855 6
2538 1872 89449 10
2640 1872 15825 9
2716 1872 49577 4
2894 1910 62306 3
2869 1923 40196 5
2957 1923 72448 4
2996 1923 15379 3
3072 1923 78493 2
3123 1923 56459 1
3199 1923 46042 7
3250 1923 981 8
3326 1923 24073 8
3377 1923 35937 3
3453 1923 50958 4
3504 1923 67072 7
3580 1923 76817 5
3631 1923 57175 5
3707 1923 12720 2
3758 1923 8438 8
3834 1923 98773 6
3885 1923 8652 1
3961 1923 42517 8
2894 1936 55326 2
2818 1948 86514 6
3072 1961 84434 7
2538 1974 76397 4
2640 1974 42297 4
2716 1974 84991 7
3758 1974 11595 1
3148 1999 84054 9
2996 1999 3482 9
2919 1999 68646 4
2843 1999 75223 2
2716 1999 23592 4
2640 1999 61444 9
2284 1999 51909 5
2132 1999 45071 8
2030 1999 86698 9
1878 1999 29700 4
1764 1999 75115 5
1687 1999 44923 10
1548 1999 17419 10
1395 1999 69676 6
1395 2025 81260 9
1548 2025 46513 6
1687 2025 76638 9
1764 2025 26684 8
1878 2025 7849 7
2030 2025 40907 4
2132 2025 64688 4
2284 2025 24081 2
2538 2025 59875 2
2640 2025 65700 7
2716 2025 27781 6
2843 2025 24441 1
2919 2025 42858 8
3148 2050 32362 7
2996 2050 89246 1
2919 2050 31035 7
2843 2050 48093 7
2716 2050 29288 3
2640 2050 37351 5
2284 2050 45303 5
2132 2050 6928 6
2030 2050 95977 2
1878 2050 27215 4
1764 2050 39818 8
1687 2050 22666 10
1548 2050 22059 4
1395 2050 63305 4
1395 2075 28236 6
1548 2075 79870 4
1687 2075 23038 9
1764 2075 51674 10
1878 2075 70718 7
2030 2075 78352 3
2132 2075 82331 5
2284 2075 57979 6
3758 2075 7339 2
3072 2088 70298 8
2538 2101 64247 1
2462 2101 75890 3
2284 2101 35190 9
2132 2101 54999 8
2030 2101 29083 7
1878 2101 65620 8
1764 2101 45346 7
1687 2101 81146 8
1548 2101 99368 3
1395 2101 15049 7
1395 2126 44417 3
1548 2126 76474 6
1687 2126 14111 6
1764 2126 69217 3
1878 2126 39051 8
2030 2126 82485 9
2132 2126 19915 8
2284 2126 49129 8
2462 2126 5487 10
2538 2126 45523 4
2640 2126 81703 2
2716 2126 92013 9
3072 2126 77711 5
3123 2126 76565 5
3758 2126 70972 6
3681 2152 53761 5
3631 2152 1419 7
2716 2152 88945 9
2640 2152 96354 6
2538 2152 55413 8
2462 2152 48502 10
2284 2152 23788 4
2132 2152 38713 4
2030 2152 73730 7
1878 2152 93463 2
1764 2152 42474 9
1687 2152 21245 6
1548 2152 95012 8
1395 2152 22615 9
1395 2177 51695 8
1548 2177 25719 7
1878 2177 72459 10
2030 2177 47936 2
2132 2177 94878 1
2284 2177 79497 8
2462 2177 91993 4
2538 2177 21734 9
2640 2177 87231 3
2716 2177 15618 2
2716 2202 72353 9
2640 2202 15374 7
2538 2202 72989 9
2462 2202 41362 7
2284 2202 35940 2
2132 2202 62849 5
2030 2202 89674 6
1878 2202 30206 5
1548 2202 15363 4
1395 2202 14428 8
1395 2228 48686 7
1548 2228 19330 5
1878 2228 48408 3
2030 2228 34694 10
2132 2228 66946 4
2284 2228 87418 4
2462 2228 32370 5
2538 2228 45566 6
2640 2228 14023 2
2716 2228 92216 3
3758 2253 98372 2
3123 2253 29540 8
3072 2253 43776 2
2716 2253 42831 3
2640 2253 21664 1
2538 2253 87449 8
2462 2253 35317 9
2284 2253 17435 6
2132 2253 57819 7
2030 2253 66081 10
1878 2253 90078 10
1548 2253 56055 7
1395 2253 33746 5
1395 2279 71323 5
1548 2279 76762 7
1878 2279 20162 1
2030 2279 4126 3
2132 2279 56544 1
2284 2279 27702 3
2462 2279 66179 4
2538 2279 91522 6
2640 2279 33692 1
2716 2279 82345 9
3656 2279 73882 6
3681 2279 26565 2
2716 2304 20769 4
2640 2304 96923 2
2538 2304 63519 7
2462 2304 96795 5
2284 2304 19587 2
2132 2304 71310 6
2030 2304 87640 10
1878 2304 95783 3
1751 2304 33960 3
1675 2304 11375 10
1548 2304 10475 3
1395 2304 12500 1
1395 2329 91472 2
1548 2329 82445 9
1675 2329 51221 8
1751 2329 72468 10
1878 2329 58026 5
2030 2329 23083 1
2132 2329 9171 5
2284 2329 89450 7
2462 2329 22392 1
2538 2329 4283 6
2640 2329 67927 6
2716 2329 47424 2
3758 2355 5803 4
2284 2355 50919 1
2132 2355 70204 8
2030 2355 87480 6
1878 2355 82215 4
1751 2355 57817 8
1675 2355 31012 1
1548 2355 45260 4
1395 2355 30134 3
1395 2380 54509 7
1548 2380 12569 7
1675 2380 41384 10
1751 2380 15030 9
1878 2380 87355 10
2030 2380 31951 5
2132 2380 12659 1
2284 2380 53225 1
2284 2406 77128 6
2132 2406 29269 4
2030 2406 59523 10
1878 2406 66924 5
1751 2406 83901 10
1675 2406 49978 4
1548 2406 68369 10
1395 2406 55912 5
1319 2418 8248 3
1395 2431 59249 9
1548 2431 69530 2
1675 2431 37239 10
1751 2431 81731 3
1878 2431 57495 9
2030 2431 16532 5
2132 2431 68407 3
2284 2431 29615 6
2640 2431 68960 5
2716 2431 16005 2
3758 2456 65470 2
2716 2456 62870 4
2640 2456 97048 7
2284 2456 2667 1
2132 2456 3018 8
2030 2456 81461 1
1878 2456 7629 9
1751 2456 62922 1
1675 2456 6283 6
1548 2456 88504 5
1395 2456 39942 8
1319 2469 64412 5
1395 2482 39979 3
1548 2482 40503 10
1675 2482 11609 7
1751 2482 85156 1
1878 2482 14900 4
2030 2482 31126 2
2132 2482 20780 7
2284 2482 69585 9
2640 2482 18206 3
2716 2482 10838 5
2640 2507 67168 9
2716 2507 812 8
3758 2507 8953 6
2716 2533 88638 8
2640 2533 11247 7
2640 2558 87396 6
2716 2558 73471 7
2640 2583 56879 8
2716 2583 45007 10
3631 2583 3786 6
3681 2583 40059 8
2716 2609 96740 5
2640 2609 62017 5
3758 2634 26946 6
2869 2634 12772 5
2716 2634 97478 8
2640 2634 55152 8
2284 2634 98724 4
2132 2634 94340 6
2030 2634 78643 1
1878 2634 86937 4
1802 2634 76618 1
1649 2634 80098 7
1548 2634 31652 7
1395 2634 23802 6
1395 2660 12853 3
1548 2660 65721 8
1649 2660 33447 7
1802 2660 55238 10
1878 2660 75623 6
2030 2660 49432 7
2132 2660 5243 6
2284 2660 96062 7
2640 2660 47663 7
2716 2660 35715 9
2284 2685 28771 3
2132 2685 29916 4
2030 2685 79412 1
1878 2685 84163 7
1802 2685 95387 2
1649 2685 79223 7
1548 2685 62689 8
1395 2685 49609 9
1243 2685 65940 9
1395 2710 56724 10
1548 2710 26226 8
1649 2710 51776 1
1802 2710 84682 9
1878 2710 93746 3
2030 2710 2876 4
2132 2710 74240 2
2284 2710 18073 7
3656 2710 67206 2
3681 2710 15996 2
2869 2736 77945 4
2538 2736 38407 9
2462 2736 16863 7
2284 2736 57030 3
2132 2736 20664 4
2030 2736 90502 7
1878 2736 65246 6
1802 2736 82076 8
1649 2736 67366 1
1548 2736 33290 9
1395 2736 2398 10
1395 2761 44957 6
1548 2761 72403 7
1649 2761 28081 2
1802 2761 36950 4
1878 2761 11239 4
2030 2761 51053 4
2132 2761 29044 6
2284 2761 30062 2
2462 2761 43662 9
2538 2761 39747 4
2716 2787 71081 4
2640 2787 73418 7
2538 2787 218 9
2462 2787 84474 5
2284 2787 31464 3
2132 2787 98708 5
2030 2787 76745 2
1878 2787 32814 6
1802 2787 26700 5
1649 2787 20294 6
1548 2787 28346 4
1395 2787 81975 9
1395 2812 15271 8
1548 2812 55973 5
1649 2812 7370 9
1802 2812 51787 5
1878 2812 75803 5
2030 2812 68935 4
2132 2812 59121 4
2284 2812 40783 6
2462 2812 87141 2
2538 2812 13986 7
2640 2812 52250 6
2716 2812 85770 10
3453 2837 31185 5
3351 2837 97947 2
2716 2837 79678 10
2640 2837 16020 1
2538 2837 22706 6
2462 2837 45057 10
2284 2837 22229 4
2132 2837 42978 1
2030 2837 14918 6
1878 2837 79613 9
1802 2837 8927 7
1649 2837 43807 9
1548 2837 38115 1
1395 2837 63768 8
1395 2863 92692 8
1548 2863 22073 8
1649 2863 110 2
1802 2863 22314 6
1878 2863 62822 5
2030 2863 50127 9
2132 2863 25930 8
2284 2863 49196 8
2462 2863 47395 6
2538 2863 95904 1
2640 2863 71413 6
2716 2863 62805 10
2869 2888 64984 9
2818 2888 59192 1
2716 2888 61928 2
2640 2888 93778 5
2538 2888 24398 4
2462 2888 69666 2
2284 2888 86457 3
2132 2888 22946 5
2030 2888 41142 2
1878 2888 47542 9
1802 2888 580 4
1649 2888 43672 1
1548 2888 80057 1
1395 2888 49682 3
1319 2901 14014 9
1294 2901 59180 6
1268 2901 97528 8
1395 2914 1124 8
1548 2914 88717 7
1649 2914 85453 9
1802 2914 97135 2
1878 2914 14285 2
2030 2914 87261 2
2132 2914 26420 2
2284 2914 36774 2
2462 2914 86823 6
2538 2914 3752 4
2640 2914 6476 8
2716 2914 4936 2
2716 2939 66928 4
2640 2939 42764 8
2538 2939 97498 10
2462 2939 39813 6
2284 2939 91513 1
2132 2939 25143 9
2030 2939 84657 1
1878 2939 28438 10
1802 2939 57021 3
1649 2939 91929 6
1548 2939 58346 9
1395 2939 68416 7
1395 2964 87733 8
1548 2964 17895 10
1649 2964 95527 5
1802 2964 82487 5
1878 2964 10227 4
2030 2964 99424 3
2132 2964 71409 6
2284 2964 57414 7
2462 2964 31643 9
2538 2964 91557 9
2640 2964 41693 5
2716 2964 44081 6
3351 2964 98430 3
3453 2964 38792 6
2869 2990 9655 3
2818 2990 50671 5
3554 3015 77886 8
3580 3015 53039 9
3605 3015 56444 4
3631 3015 13153 6
3656 3015 992 10
3681 3015 96233 6
3707 3015 57762 1
3732 3015 85173 8
3758 3015 69438 10
3783 3015 33001 10
3808 3015 64909 9
3834 3015 68555 8
3859 3015 97271 4
3453 3041 39101 2
3402 3041 90564 2
3326 3041 63570 8
3275 3041 51872 3
1522 3041 26530 5
1472 3041 93660 3
3554 3066 73591 10
3580 3066 34330 1
3605 3066 23315 4
3631 3066 81934 4
3656 3066 59640 10
3681 3066 15557 5
3707 3066 48200 4
3732 3066 67749 2
3758 3066 191 6
3783 3066 57607 5
3808 3066 64072 10
3834 3066 5840 6
3859 3066 38452 3
2498 874 81953 8
2548 874 76651 10
2573 874 65069 5
2598 874 68009 8
2623 874 44981 4
2648 874 8440 4
2673 874 72468 1
2698 874 47643 9
2723 874 9718 6
2748 874 903 3
2773 874 4955 8
2798 874 20696 6
2823 874 12314 3
2848 874 47788 10
2873 874 31263 8
2898 874 93151 9
2923 874 83161 9
2948 874 8129 1
2973 874 98470 9
2998 874 29996 6
3023 874 18597 10
3048 874 37466 9
3073 874 32654 6
3098 874 45754 10
3123 874 49367 3
3148 874 59544 7
3173 874 87822 7
3198 874 7591 8
3223 874 52820 1
3248 874 84798 10
3273 874 10569 5
3298 874 54933 5
3323 874 47841 2
3348 874 1052 3
3373 874 12483 7
3398 874 97535 1
3423 874 51940 7
3448 874 99567 4
3554 907 90024 2
3580 907 56921 1
3605 907 34791 6
3631 907 24078 7
3656 907 87862 6
3681 907 54160 1
3707 907 30675 10
3732 907 46725 9
3758 907 30501 7
3783 907 48484 6
3808 907 37731 10
3834 907 20848 4
3859 907 47635 1
3859 958 32089 3
3834 958 63653 5
3808 958 25560 3
3783 958 74736 8
3758 958 99516 9
3732 958 76884 8
3707 958 21650 7
3681 958 33532 7
3656 958 99568 10
3631 958 51387 2
3605 958 27052 7
3580 958 85570 2
3554 958 27619 10
